9 4 4 0 0 0
9 8 0 0 0 0
9 2 2 0 0 0
9 2 4 0 0 0
9 4 2 0 0 0
9 2 6 0 0 0
9 6 2 0 0 0
18 9 8 0 0 0
18 17 0 0 0 0
18 2 2 0 0 0
18 6 6 0 0 0
18 11 6 0 0 0
18 6 11 0 0 0
18 3 6 0 0 0
18 6 3 0 0 0
4 1 1 0 0 0
4 3 0 0 0 0
4 2 1 0 0 0
4 1 2 0 0 0
3 2 0 0 0 0
3 1 0 0 0 0
9 4 4 1 0 0
9 8 0 1 0 0
9 2 2 1 0 0
9 2 4 1 0 0
9 4 2 1 0 0
9 2 6 1 0 0
9 6 2 1 0 0
18 9 8 1 0 0
18 17 0 1 0 0
18 2 2 1 0 0
18 6 6 1 0 0
18 11 6 1 0 0
18 6 11 1 0 0
18 3 6 1 0 0
18 6 3 1 0 0
4 1 1 1 0 0
4 3 0 1 0 0
4 2 1 1 0 0
4 1 2 1 0 0
3 2 0 1 0 0
3 1 0 1 0 0
90 79 10 0 0 0
90 40 40 0 0 0
90 20 40 0 0 0
90 40 20 0 0 0
90 79 10 1 0 0
90 40 40 1 0 0
90 20 40 1 0 0
90 40 20 1 0 0
