10 5 4 0 0 1
10 9 0 0 0 1
10 2 2 0 0 1
10 2 4 0 0 1
10 4 2 0 0 1
10 2 6 0 0 1
10 6 2 0 0 1
10 5 4 0 1 0
10 9 0 0 1 0
10 2 2 0 1 0
10 2 4 0 1 0
10 4 2 0 1 0
10 2 6 0 1 0
10 6 2 0 1 0
18 9 8 0 0 9
18 17 0 0 0 9
18 2 2 0 0 9
18 6 6 0 0 9
18 11 6 0 0 9
18 6 11 0 0 9
18 3 6 0 0 9
18 6 3 0 0 9
18 9 8 0 9 0
18 17 0 0 9 0
18 2 2 0 9 0
18 6 6 0 9 0
18 11 6 0 9 0
18 6 11 0 9 0
18 3 6 0 9 0
18 6 3 0 9 0
4 1 1 0 0 1
4 3 0 0 0 1
4 2 1 0 0 1
4 1 2 0 0 1
4 1 1 0 1 0
4 3 0 0 1 0
4 2 1 0 1 0
4 1 2 0 1 0
3 2 0 0 0 1
3 1 0 0 0 1
3 2 0 0 1 0
3 1 0 0 1 0
36 18 17 0 0 18
36 35 0 0 0 18
36 12 12 0 0 18
36 12 23 0 0 18
36 23 12 0 0 18
36 12 6 0 0 18
36 6 12 0 0 18
36 18 17 0 18 0
36 35 0 0 18 0
36 12 12 0 18 0
36 12 23 0 18 0
36 23 12 0 18 0
36 12 6 0 18 0
36 6 12 0 18 0
36 18 17 0 0 9
36 35 0 0 0 9
36 12 12 0 0 9
36 12 23 0 0 9
36 23 12 0 0 9
36 12 6 0 0 9
36 6 12 0 0 9
36 18 17 0 9 0
36 35 0 0 9 0
36 12 12 0 9 0
36 12 23 0 9 0
36 23 12 0 9 0
36 12 6 0 9 0
36 6 12 0 9 0
